WindSpeed   	A_om        	b_theta     	b_tau       	b_wind      	pc_Kp       	pc_Ki       	vs_Kp       	vs_Ki       	Pi_omega    	Pi_theta    	Pi_wind     
  3.0000e+00	 -2.3665e-02	  4.4485e-04	 -3.1385e-09	  1.4183e-03	  0.0000e+00	  0.0000e+00	 -5.7460e+07	 -4.5882e+06	  7.5442e+05	 -6.2055e+05	  7.2547e+04
  3.5000e+00	 -2.7609e-02	  6.0549e-04	 -3.1385e-09	  1.9304e-03	  0.0000e+00	  0.0000e+00	 -5.6203e+07	 -4.5882e+06	  8.8016e+05	 -8.4463e+05	  8.4638e+04
  4.0000e+00	 -3.1553e-02	  7.9084e-04	 -3.1385e-09	  2.5214e-03	  0.0000e+00	  0.0000e+00	 -5.4946e+07	 -4.5882e+06	  1.0059e+06	 -1.1032e+06	  9.6729e+04
  4.5000e+00	 -3.5497e-02	  1.0009e-03	 -3.1385e-09	  3.1911e-03	  0.0000e+00	  0.0000e+00	 -5.3690e+07	 -4.5882e+06	  1.1316e+06	 -1.3962e+06	  1.0882e+05
  5.0000e+00	 -3.9441e-02	  1.2357e-03	 -3.1385e-09	  3.9397e-03	  0.0000e+00	  0.0000e+00	 -5.2433e+07	 -4.5882e+06	  1.2574e+06	 -1.7237e+06	  1.2091e+05
  5.5000e+00	 -4.3386e-02	  1.4952e-03	 -3.1385e-09	  4.7670e-03	  0.0000e+00	  0.0000e+00	 -5.1176e+07	 -4.5882e+06	  1.3831e+06	 -2.0857e+06	  1.3300e+05
  6.0000e+00	 -4.7330e-02	  1.7794e-03	 -3.1385e-09	  5.6731e-03	  0.0000e+00	  0.0000e+00	 -4.9920e+07	 -4.5882e+06	  1.5088e+06	 -2.4822e+06	  1.4509e+05
  6.5000e+00	 -5.1274e-02	  2.0883e-03	 -3.1385e-09	  6.6581e-03	  0.0000e+00	  0.0000e+00	 -4.8663e+07	 -4.5882e+06	  1.6346e+06	 -2.9131e+06	  1.5719e+05
  7.0000e+00	 -5.5218e-02	  2.4219e-03	 -3.1385e-09	  7.7218e-03	  0.0000e+00	  0.0000e+00	 -4.7406e+07	 -4.5882e+06	  1.7603e+06	 -3.3785e+06	  1.6928e+05
  7.5000e+00	 -5.9162e-02	  2.7803e-03	 -3.1385e-09	  8.8643e-03	  0.0000e+00	  0.0000e+00	 -4.6149e+07	 -4.5882e+06	  1.8861e+06	 -3.8784e+06	  1.8137e+05
  8.0000e+00	 -6.3106e-02	  3.1634e-03	 -3.1385e-09	  1.0086e-02	  0.0000e+00	  0.0000e+00	 -4.4893e+07	 -4.5882e+06	  2.0118e+06	 -4.4128e+06	  1.9346e+05
  8.5000e+00	 -6.7050e-02	  3.5711e-03	 -3.1385e-09	  1.1386e-02	  0.0000e+00	  0.0000e+00	 -4.3636e+07	 -4.5882e+06	  2.1375e+06	 -4.9816e+06	  2.0555e+05
  9.0000e+00	 -7.0994e-02	  4.0036e-03	 -3.1385e-09	  1.2765e-02	  0.0000e+00	  0.0000e+00	 -4.2379e+07	 -4.5882e+06	  2.2633e+06	 -5.5849e+06	  2.1764e+05
  9.5000e+00	 -7.4939e-02	  4.4608e-03	 -3.1385e-09	  1.4222e-02	  0.0000e+00	  0.0000e+00	 -4.1123e+07	 -4.5882e+06	  2.3890e+06	 -6.2227e+06	  2.2973e+05
  1.0000e+01	 -7.8883e-02	  4.9427e-03	 -3.1385e-09	  1.5759e-02	  0.0000e+00	  0.0000e+00	 -3.9866e+07	 -4.5882e+06	  2.5147e+06	 -6.8949e+06	  2.4182e+05
  1.0500e+01	 -8.0346e-02	 -4.5279e-03	 -3.1385e-09	  1.7248e-02	 -2.5499e+00	 -3.8958e-01	  0.0000e+00	  0.0000e+00	  2.5567e+06	 -7.7969e+06	  2.5485e+05
  1.1000e+01	 -5.2610e-02	 -2.2305e-01	 -3.1385e-09	  1.4467e-02	 -2.1584e+00	 -3.3848e-01	  0.0000e+00	  0.0000e+00	  1.6353e+06	 -1.0001e+07	  2.2526e+05
  1.1500e+01	 -5.5680e-02	 -2.9574e-01	 -3.1385e-09	  1.4050e-02	 -1.8577e+00	 -2.9923e-01	  0.0000e+00	  0.0000e+00	  1.1615e+06	 -1.0526e+07	  2.1848e+05
  1.2000e+01	 -6.2607e-02	 -3.4943e-01	 -3.1385e-09	  1.3921e-02	 -1.6195e+00	 -2.6813e-01	  0.0000e+00	  0.0000e+00	  7.7258e+05	 -1.0837e+07	  2.1450e+05
  1.2500e+01	 -7.1568e-02	 -3.9520e-01	 -3.1385e-09	  1.3932e-02	 -1.4261e+00	 -2.4289e-01	  0.0000e+00	  0.0000e+00	  4.3127e+05	 -1.1060e+07	  2.1184e+05
  1.3000e+01	 -8.1863e-02	 -4.3666e-01	 -3.1385e-09	  1.4023e-02	 -1.2660e+00	 -2.2200e-01	  0.0000e+00	  0.0000e+00	  1.2251e+05	 -1.1236e+07	  2.0989e+05
  1.3500e+01	 -9.3150e-02	 -4.7536e-01	 -3.1385e-09	  1.4166e-02	 -1.1313e+00	 -2.0441e-01	  0.0000e+00	  0.0000e+00	 -1.6133e+05	 -1.1381e+07	  2.0836e+05
  1.4000e+01	 -1.0523e-01	 -5.1221e-01	 -3.1385e-09	  1.4343e-02	 -1.0163e+00	 -1.8941e-01	  0.0000e+00	  0.0000e+00	 -4.2543e+05	 -1.1506e+07	  2.0709e+05
  1.4500e+01	 -1.1799e-01	 -5.4771e-01	 -3.1385e-09	  1.4545e-02	 -9.1712e-01	 -1.7645e-01	  0.0000e+00	  0.0000e+00	 -6.7302e+05	 -1.1616e+07	  2.0598e+05
  1.5000e+01	 -1.3135e-01	 -5.8221e-01	 -3.1385e-09	  1.4765e-02	 -8.3059e-01	 -1.6516e-01	  0.0000e+00	  0.0000e+00	 -9.0693e+05	 -1.1714e+07	  2.0498e+05
  1.5500e+01	 -1.4525e-01	 -6.1585e-01	 -3.1385e-09	  1.4999e-02	 -7.5448e-01	 -1.5522e-01	  0.0000e+00	  0.0000e+00	 -1.1293e+06	 -1.1802e+07	  2.0407e+05
  1.6000e+01	 -1.5967e-01	 -6.4876e-01	 -3.1385e-09	  1.5244e-02	 -6.8700e-01	 -1.4642e-01	  0.0000e+00	  0.0000e+00	 -1.3418e+06	 -1.1882e+07	  2.0324e+05
  1.6500e+01	 -1.7459e-01	 -6.8101e-01	 -3.1385e-09	  1.5498e-02	 -6.2677e-01	 -1.3856e-01	  0.0000e+00	  0.0000e+00	 -1.5460e+06	 -1.1953e+07	  2.0247e+05
  1.7000e+01	 -1.8990e-01	 -7.1334e-01	 -3.1385e-09	  1.5755e-02	 -5.7267e-01	 -1.3149e-01	  0.0000e+00	  0.0000e+00	 -1.7405e+06	 -1.2025e+07	  2.0165e+05
  1.7500e+01	 -2.0567e-01	 -7.4495e-01	 -3.1385e-09	  1.6018e-02	 -5.2383e-01	 -1.2512e-01	  0.0000e+00	  0.0000e+00	 -1.9289e+06	 -1.2088e+07	  2.0090e+05
  1.8000e+01	 -2.2187e-01	 -7.7609e-01	 -3.1385e-09	  1.6286e-02	 -4.7950e-01	 -1.1933e-01	  0.0000e+00	  0.0000e+00	 -2.1115e+06	 -1.2146e+07	  2.0020e+05
  1.8500e+01	 -2.3844e-01	 -8.0758e-01	 -3.1385e-09	  1.6554e-02	 -4.3909e-01	 -1.1406e-01	  0.0000e+00	  0.0000e+00	 -2.2868e+06	 -1.2205e+07	  1.9944e+05
  1.9000e+01	 -2.5542e-01	 -8.3775e-01	 -3.1385e-09	  1.6826e-02	 -4.0210e-01	 -1.0923e-01	  0.0000e+00	  0.0000e+00	 -2.4592e+06	 -1.2254e+07	  1.9880e+05
  1.9500e+01	 -2.7275e-01	 -8.6916e-01	 -3.1385e-09	  1.7099e-02	 -3.6811e-01	 -1.0479e-01	  0.0000e+00	  0.0000e+00	 -2.6238e+06	 -1.2308e+07	  1.9805e+05
  2.0000e+01	 -2.9047e-01	 -8.9877e-01	 -3.1385e-09	  1.7373e-02	 -3.3678e-01	 -1.0070e-01	  0.0000e+00	  0.0000e+00	 -2.7868e+06	 -1.2350e+07	  1.9742e+05
  2.0500e+01	 -3.0854e-01	 -9.2999e-01	 -3.1385e-09	  1.7647e-02	 -3.0780e-01	 -9.6921e-02	  0.0000e+00	  0.0000e+00	 -2.9425e+06	 -1.2401e+07	  1.9667e+05
  2.1000e+01	 -3.2694e-01	 -9.5958e-01	 -3.1385e-09	  1.7920e-02	 -2.8092e-01	 -9.3413e-02	  0.0000e+00	  0.0000e+00	 -3.0970e+06	 -1.2441e+07	  1.9603e+05
  2.1500e+01	 -3.4570e-01	 -9.9021e-01	 -3.1385e-09	  1.8194e-02	 -2.5592e-01	 -9.0149e-02	  0.0000e+00	  0.0000e+00	 -3.2457e+06	 -1.2485e+07	  1.9531e+05
  2.2000e+01	 -3.6477e-01	 -1.0200e+00	 -3.1385e-09	  1.8467e-02	 -2.3261e-01	 -8.7106e-02	  0.0000e+00	  0.0000e+00	 -3.3919e+06	 -1.2524e+07	  1.9463e+05
  2.2500e+01	 -3.8413e-01	 -1.0493e+00	 -3.1385e-09	  1.8738e-02	 -2.1082e-01	 -8.4262e-02	  0.0000e+00	  0.0000e+00	 -3.5356e+06	 -1.2560e+07	  1.9398e+05
  2.3000e+01	 -4.0385e-01	 -1.0798e+00	 -3.1385e-09	  1.9009e-02	 -1.9040e-01	 -8.1597e-02	  0.0000e+00	  0.0000e+00	 -3.6737e+06	 -1.2599e+07	  1.9324e+05
  2.3500e+01	 -4.2381e-01	 -1.1090e+00	 -3.1385e-09	  1.9277e-02	 -1.7124e-01	 -7.9096e-02	  0.0000e+00	  0.0000e+00	 -3.8112e+06	 -1.2631e+07	  1.9258e+05
  2.4000e+01	 -4.4407e-01	 -1.1385e+00	 -3.1385e-09	  1.9544e-02	 -1.5322e-01	 -7.6743e-02	  0.0000e+00	  0.0000e+00	 -3.9449e+06	 -1.2664e+07	  1.9189e+05
  2.4500e+01	 -4.6462e-01	 -1.1685e+00	 -3.1385e-09	  1.9809e-02	 -1.3624e-01	 -7.4527e-02	  0.0000e+00	  0.0000e+00	 -4.0741e+06	 -1.2699e+07	  1.9114e+05
